  0.0000    2    6.000   1.0000         cond2
  6.0000    0    6.000   1.0000          NULL 
 12.0000    3    6.000   1.0000         cond3
 18.0000    0    1.000   1.0000          NULL 
 19.0000   10    6.000   1.0000        cond10
 25.0000    0    9.000   1.0000          NULL 
 34.0000    3    6.000   1.0000         cond3
 40.0000    5    6.000   1.0000         cond5
 46.0000    0    1.000   1.0000          NULL 
 47.0000    6    6.000   1.0000         cond6
 53.0000    0    2.500   1.0000          NULL 
 55.5000    1    6.000   1.0000         cond1
 61.5000    0    4.500   1.0000          NULL 
 66.0000    5    6.000   1.0000         cond5
 72.0000    0    0.500   1.0000          NULL 
 72.5000    5    6.000   1.0000         cond5
 78.5000    9    6.000   1.0000         cond9
 84.5000    9    6.000   1.0000         cond9
 90.5000    6    6.000   1.0000         cond6
 96.5000    0    4.000   1.0000          NULL 
100.5000    6    6.000   1.0000         cond6
106.5000    0    0.500   1.0000          NULL 
107.0000    4    6.000   1.0000         cond4
113.0000    0    3.500   1.0000          NULL 
116.5000    1    6.000   1.0000         cond1
122.5000    0   11.500   1.0000          NULL 
134.0000   10    6.000   1.0000        cond10
140.0000    0    0.500   1.0000          NULL 
140.5000    8    6.000   1.0000         cond8
146.5000    0    1.000   1.0000          NULL 
147.5000    8    6.000   1.0000         cond8
153.5000    0    2.000   1.0000          NULL 
155.5000    2    6.000   1.0000         cond2
161.5000    0    9.000   1.0000          NULL 
170.5000    6    6.000   1.0000         cond6
176.5000    0   10.500   1.0000          NULL 
187.0000    1    6.000   1.0000         cond1
193.0000    0    1.000   1.0000          NULL 
194.0000    1    6.000   1.0000         cond1
200.0000    0    3.000   1.0000          NULL 
203.0000    1    6.000   1.0000         cond1
209.0000    9    6.000   1.0000         cond9
215.0000   10    6.000   1.0000        cond10
221.0000    0   12.000   1.0000          NULL 
233.0000    7    6.000   1.0000         cond7
239.0000    0    1.000   1.0000          NULL 
240.0000    5    6.000   1.0000         cond5
246.0000    4    6.000   1.0000         cond4
252.0000    0    1.500   1.0000          NULL 
253.5000    9    6.000   1.0000         cond9
259.5000    0    1.000   1.0000          NULL 
260.5000    4    6.000   1.0000         cond4
266.5000    0    9.500   1.0000          NULL 
276.0000   10    6.000   1.0000        cond10
282.0000    0    1.500   1.0000          NULL 
283.5000   10    6.000   1.0000        cond10
289.5000    0    3.000   1.0000          NULL 
292.5000    6    6.000   1.0000         cond6
298.5000    8    6.000   1.0000         cond8
304.5000    0    7.000   1.0000          NULL 
311.5000    5    6.000   1.0000         cond5
317.5000    0   19.500   1.0000          NULL 
337.0000    4    6.000   1.0000         cond4
343.0000    0    2.000   1.0000          NULL 
345.0000    3    6.000   1.0000         cond3
351.0000    0    8.500   1.0000          NULL 
359.5000    2    6.000   1.0000         cond2
365.5000    0    1.000   1.0000          NULL 
366.5000    7    6.000   1.0000         cond7
372.5000    0   22.000   1.0000          NULL 
394.5000    6    6.000   1.0000         cond6
400.5000    0    4.000   1.0000          NULL 
404.5000    8    6.000   1.0000         cond8
410.5000    4    6.000   1.0000         cond4
416.5000    0    4.500   1.0000          NULL 
421.0000   10    6.000   1.0000        cond10
427.0000    0    0.500   1.0000          NULL 
427.5000    1    6.000   1.0000         cond1
433.5000    0    0.500   1.0000          NULL 
434.0000    7    6.000   1.0000         cond7
440.0000    0    0.500   1.0000          NULL 
440.5000    3    6.000   1.0000         cond3
446.5000    9    6.000   1.0000         cond9
452.5000    0    1.000   1.0000          NULL 
453.5000    9    6.000   1.0000         cond9
459.5000    0    0.500   1.0000          NULL 
460.0000    5    6.000   1.0000         cond5
466.0000    2    6.000   1.0000         cond2
472.0000    0    2.500   1.0000          NULL 
474.5000    9    6.000   1.0000         cond9
480.5000    0    2.000   1.0000          NULL 
482.5000    2    6.000   1.0000         cond2
488.5000    0    3.000   1.0000          NULL 
491.5000    1    6.000   1.0000         cond1
497.5000    0    2.500   1.0000          NULL 
500.0000    6    6.000   1.0000         cond6
506.0000    0    1.000   1.0000          NULL 
507.0000   10    6.000   1.0000        cond10
513.0000    0    0.500   1.0000          NULL 
513.5000    8    6.000   1.0000         cond8
519.5000    0    0.500   1.0000          NULL 
520.0000    2    6.000   1.0000         cond2
526.0000    0   13.000   1.0000          NULL 
539.0000    3    6.000   1.0000         cond3
545.0000    0    3.000   1.0000          NULL 
548.0000    8    6.000   1.0000         cond8
554.0000    0    6.500   1.0000          NULL 
560.5000    4    6.000   1.0000         cond4
566.5000    0    4.000   1.0000          NULL 
570.5000    8    6.000   1.0000         cond8
576.5000    0    8.500   1.0000          NULL 
585.0000    3    6.000   1.0000         cond3
591.0000    0    8.000   1.0000          NULL 
599.0000    2    6.000   1.0000         cond2
605.0000    0    6.000   1.0000          NULL 
611.0000    7    6.000   1.0000         cond7
617.0000    0   12.000   1.0000          NULL 
629.0000    5    6.000   1.0000         cond5
635.0000    3    6.000   1.0000         cond3
641.0000    0    0.500   1.0000          NULL 
641.5000    7    6.000   1.0000         cond7
647.5000    0    3.000   1.0000          NULL 
650.5000    4    6.000   1.0000         cond4
656.5000    0    0.500   1.0000          NULL 
657.0000   10    6.000   1.0000        cond10
663.0000    0   16.000   1.0000          NULL 
679.0000    1    6.000   1.0000         cond1
685.0000    9    6.000   1.0000         cond9
691.0000    0    0.500   1.0000          NULL 
691.5000    2    6.000   1.0000         cond2
697.5000    0    3.000   1.0000          NULL 
700.5000    7    6.000   1.0000         cond7
706.5000    0    6.500   1.0000          NULL 
713.0000    7    6.000   1.0000         cond7
719.0000    0    1.500   1.0000          NULL 
720.5000    4    6.000   1.0000         cond4
726.5000    0    1.500   1.0000          NULL 
728.0000    7    6.000   1.0000         cond7
734.0000    0    1.000   1.0000          NULL 
735.0000    5    6.000   1.0000         cond5
741.0000    6    6.000   1.0000         cond6
747.0000    0    8.000   1.0000          NULL 
755.0000    8    6.000   1.0000         cond8
761.0000    3    6.000   1.0000         cond3
767.0000    0    1.000   1.0000          NULL 
