  0.0000    4    6.000   1.0000         cond4
  6.0000    6    6.000   1.0000         cond6
 12.0000    0    6.500   1.0000          NULL 
 18.5000    3    6.000   1.0000         cond3
 24.5000    0    6.500   1.0000          NULL 
 31.0000    8    6.000   1.0000         cond8
 37.0000    5    6.000   1.0000         cond5
 43.0000    9    6.000   1.0000         cond9
 49.0000    0    1.000   1.0000          NULL 
 50.0000    4    6.000   1.0000         cond4
 56.0000    0    2.000   1.0000          NULL 
 58.0000    5    6.000   1.0000         cond5
 64.0000    0    1.500   1.0000          NULL 
 65.5000   10    6.000   1.0000        cond10
 71.5000    0    2.000   1.0000          NULL 
 73.5000    3    6.000   1.0000         cond3
 79.5000    0    1.500   1.0000          NULL 
 81.0000    8    6.000   1.0000         cond8
 87.0000    0    7.500   1.0000          NULL 
 94.5000    6    6.000   1.0000         cond6
100.5000    0    1.500   1.0000          NULL 
102.0000    7    6.000   1.0000         cond7
108.0000    0    0.500   1.0000          NULL 
108.5000    8    6.000   1.0000         cond8
114.5000    0    5.500   1.0000          NULL 
120.0000    7    6.000   1.0000         cond7
126.0000    0    1.000   1.0000          NULL 
127.0000    6    6.000   1.0000         cond6
133.0000    0    4.500   1.0000          NULL 
137.5000    2    6.000   1.0000         cond2
143.5000   10    6.000   1.0000        cond10
149.5000    0    6.000   1.0000          NULL 
155.5000    9    6.000   1.0000         cond9
161.5000    5    6.000   1.0000         cond5
167.5000    0    2.500   1.0000          NULL 
170.0000    1    6.000   1.0000         cond1
176.0000    6    6.000   1.0000         cond6
182.0000    0    2.500   1.0000          NULL 
184.5000    8    6.000   1.0000         cond8
190.5000    0    4.000   1.0000          NULL 
194.5000    6    6.000   1.0000         cond6
200.5000    1    6.000   1.0000         cond1
206.5000    0    6.500   1.0000          NULL 
213.0000    4    6.000   1.0000         cond4
219.0000    0    1.000   1.0000          NULL 
220.0000    1    6.000   1.0000         cond1
226.0000    0    1.500   1.0000          NULL 
227.5000    3    6.000   1.0000         cond3
233.5000    0    3.500   1.0000          NULL 
237.0000    9    6.000   1.0000         cond9
243.0000    0    2.000   1.0000          NULL 
245.0000    9    6.000   1.0000         cond9
251.0000    0    0.500   1.0000          NULL 
251.5000    8    6.000   1.0000         cond8
257.5000    0    5.000   1.0000          NULL 
262.5000    5    6.000   1.0000         cond5
268.5000    0    1.500   1.0000          NULL 
270.0000   10    6.000   1.0000        cond10
276.0000    0    3.000   1.0000          NULL 
279.0000    1    6.000   1.0000         cond1
285.0000    0    6.500   1.0000          NULL 
291.5000    5    6.000   1.0000         cond5
297.5000    0    3.000   1.0000          NULL 
300.5000    5    6.000   1.0000         cond5
306.5000    0    5.500   1.0000          NULL 
312.0000    7    6.000   1.0000         cond7
318.0000    0    4.000   1.0000          NULL 
322.0000    2    6.000   1.0000         cond2
328.0000    0    4.000   1.0000          NULL 
332.0000    9    6.000   1.0000         cond9
338.0000    0    2.500   1.0000          NULL 
340.5000    3    6.000   1.0000         cond3
346.5000    0    1.000   1.0000          NULL 
347.5000    8    6.000   1.0000         cond8
353.5000    0    5.500   1.0000          NULL 
359.0000    2    6.000   1.0000         cond2
365.0000    0    7.000   1.0000          NULL 
372.0000    2    6.000   1.0000         cond2
378.0000    0   18.000   1.0000          NULL 
396.0000   10    6.000   1.0000        cond10
402.0000    0    3.000   1.0000          NULL 
405.0000    2    6.000   1.0000         cond2
411.0000    9    6.000   1.0000         cond9
417.0000    0    1.000   1.0000          NULL 
418.0000    1    6.000   1.0000         cond1
424.0000    0   16.000   1.0000          NULL 
440.0000    3    6.000   1.0000         cond3
446.0000    0    5.500   1.0000          NULL 
451.5000    7    6.000   1.0000         cond7
457.5000    0    2.500   1.0000          NULL 
460.0000    5    6.000   1.0000         cond5
466.0000    0    0.500   1.0000          NULL 
466.5000    8    6.000   1.0000         cond8
472.5000   10    6.000   1.0000        cond10
478.5000    0    4.000   1.0000          NULL 
482.5000    4    6.000   1.0000         cond4
488.5000    0    1.000   1.0000          NULL 
489.5000   10    6.000   1.0000        cond10
495.5000    0    1.500   1.0000          NULL 
497.0000    6    6.000   1.0000         cond6
503.0000    0    7.000   1.0000          NULL 
510.0000    6    6.000   1.0000         cond6
516.0000    1    6.000   1.0000         cond1
522.0000    0    0.500   1.0000          NULL 
522.5000    1    6.000   1.0000         cond1
528.5000    0    9.000   1.0000          NULL 
537.5000    9    6.000   1.0000         cond9
543.5000    0    2.000   1.0000          NULL 
545.5000    2    6.000   1.0000         cond2
551.5000    0    3.000   1.0000          NULL 
554.5000    4    6.000   1.0000         cond4
560.5000    0    3.500   1.0000          NULL 
564.0000    7    6.000   1.0000         cond7
570.0000    0    2.000   1.0000          NULL 
572.0000    1    6.000   1.0000         cond1
578.0000    2    6.000   1.0000         cond2
584.0000    0    1.500   1.0000          NULL 
585.5000    4    6.000   1.0000         cond4
591.5000    0   11.000   1.0000          NULL 
602.5000    7    6.000   1.0000         cond7
608.5000    0   15.000   1.0000          NULL 
623.5000    2    6.000   1.0000         cond2
629.5000    0    0.500   1.0000          NULL 
630.0000    3    6.000   1.0000         cond3
636.0000    0    8.000   1.0000          NULL 
644.0000    7    6.000   1.0000         cond7
650.0000    0   11.500   1.0000          NULL 
661.5000    4    6.000   1.0000         cond4
667.5000    0    1.000   1.0000          NULL 
668.5000    7    6.000   1.0000         cond7
674.5000    0    4.500   1.0000          NULL 
679.0000    6    6.000   1.0000         cond6
685.0000    0    1.500   1.0000          NULL 
686.5000   10    6.000   1.0000        cond10
692.5000    0    4.500   1.0000          NULL 
697.0000    9    6.000   1.0000         cond9
703.0000    0    1.000   1.0000          NULL 
704.0000    3    6.000   1.0000         cond3
710.0000    0   12.500   1.0000          NULL 
722.5000    4    6.000   1.0000         cond4
728.5000    0    6.000   1.0000          NULL 
734.5000   10    6.000   1.0000        cond10
740.5000    0    1.500   1.0000          NULL 
742.0000    3    6.000   1.0000         cond3
748.0000    0    3.500   1.0000          NULL 
751.5000    5    6.000   1.0000         cond5
757.5000    0    3.000   1.0000          NULL 
760.5000    8    6.000   1.0000         cond8
766.5000    0    1.500   1.0000          NULL 
