  0.0000    5    6.000   1.0000         cond5
  6.0000    0    3.500   1.0000          NULL 
  9.5000    4    6.000   1.0000         cond4
 15.5000    0    1.000   1.0000          NULL 
 16.5000    2    6.000   1.0000         cond2
 22.5000    0   11.500   1.0000          NULL 
 34.0000   10    6.000   1.0000        cond10
 40.0000    0    4.500   1.0000          NULL 
 44.5000    5    6.000   1.0000         cond5
 50.5000    0    4.500   1.0000          NULL 
 55.0000    9    6.000   1.0000         cond9
 61.0000    0    3.500   1.0000          NULL 
 64.5000    2    6.000   1.0000         cond2
 70.5000    0    6.500   1.0000          NULL 
 77.0000    1    6.000   1.0000         cond1
 83.0000    0    4.500   1.0000          NULL 
 87.5000    6    6.000   1.0000         cond6
 93.5000    0    2.000   1.0000          NULL 
 95.5000    4    6.000   1.0000         cond4
101.5000    0    2.500   1.0000          NULL 
104.0000    3    6.000   1.0000         cond3
110.0000    0    1.500   1.0000          NULL 
111.5000   10    6.000   1.0000        cond10
117.5000    0    2.500   1.0000          NULL 
120.0000    4    6.000   1.0000         cond4
126.0000    0   10.000   1.0000          NULL 
136.0000    6    6.000   1.0000         cond6
142.0000    0    6.000   1.0000          NULL 
148.0000    6    6.000   1.0000         cond6
154.0000    0    1.500   1.0000          NULL 
155.5000    1    6.000   1.0000         cond1
161.5000    7    6.000   1.0000         cond7
167.5000    0    7.000   1.0000          NULL 
174.5000    6    6.000   1.0000         cond6
180.5000    0    3.000   1.0000          NULL 
183.5000    8    6.000   1.0000         cond8
189.5000    0    7.000   1.0000          NULL 
196.5000    6    6.000   1.0000         cond6
202.5000    0    2.000   1.0000          NULL 
204.5000    3    6.000   1.0000         cond3
210.5000    0    3.500   1.0000          NULL 
214.0000    7    6.000   1.0000         cond7
220.0000    0    2.500   1.0000          NULL 
222.5000    6    6.000   1.0000         cond6
228.5000    0    1.500   1.0000          NULL 
230.0000    5    6.000   1.0000         cond5
236.0000    0    1.000   1.0000          NULL 
237.0000   10    6.000   1.0000        cond10
243.0000    0   25.000   1.0000          NULL 
268.0000    7    6.000   1.0000         cond7
274.0000    6    6.000   1.0000         cond6
280.0000    0    4.500   1.0000          NULL 
284.5000    8    6.000   1.0000         cond8
290.5000    0    2.000   1.0000          NULL 
292.5000    8    6.000   1.0000         cond8
298.5000    0   11.500   1.0000          NULL 
310.0000    4    6.000   1.0000         cond4
316.0000    0    1.000   1.0000          NULL 
317.0000    3    6.000   1.0000         cond3
323.0000    0    3.500   1.0000          NULL 
326.5000    1    6.000   1.0000         cond1
332.5000   10    6.000   1.0000        cond10
338.5000    0    1.000   1.0000          NULL 
339.5000    7    6.000   1.0000         cond7
345.5000   10    6.000   1.0000        cond10
351.5000    0    0.500   1.0000          NULL 
352.0000    5    6.000   1.0000         cond5
358.0000    0    1.000   1.0000          NULL 
359.0000    1    6.000   1.0000         cond1
365.0000    0    2.500   1.0000          NULL 
367.5000    1    6.000   1.0000         cond1
373.5000    3    6.000   1.0000         cond3
379.5000    5    6.000   1.0000         cond5
385.5000    0    3.500   1.0000          NULL 
389.0000    8    6.000   1.0000         cond8
395.0000    0    1.000   1.0000          NULL 
396.0000    2    6.000   1.0000         cond2
402.0000    0    9.000   1.0000          NULL 
411.0000    8    6.000   1.0000         cond8
417.0000    0    1.000   1.0000          NULL 
418.0000   10    6.000   1.0000        cond10
424.0000    0    4.000   1.0000          NULL 
428.0000    5    6.000   1.0000         cond5
434.0000    0    5.500   1.0000          NULL 
439.5000   10    6.000   1.0000        cond10
445.5000    9    6.000   1.0000         cond9
451.5000    3    6.000   1.0000         cond3
457.5000    0    8.000   1.0000          NULL 
465.5000    7    6.000   1.0000         cond7
471.5000    0    7.000   1.0000          NULL 
478.5000    7    6.000   1.0000         cond7
484.5000    0    4.000   1.0000          NULL 
488.5000    9    6.000   1.0000         cond9
494.5000    0    3.500   1.0000          NULL 
498.0000    2    6.000   1.0000         cond2
504.0000    0   18.500   1.0000          NULL 
522.5000    8    6.000   1.0000         cond8
528.5000    4    6.000   1.0000         cond4
534.5000    0    9.500   1.0000          NULL 
544.0000    2    6.000   1.0000         cond2
550.0000    0    7.500   1.0000          NULL 
557.5000    9    6.000   1.0000         cond9
563.5000    0    4.000   1.0000          NULL 
567.5000    4    6.000   1.0000         cond4
573.5000    0    1.000   1.0000          NULL 
574.5000    9    6.000   1.0000         cond9
580.5000    0    2.000   1.0000          NULL 
582.5000   10    6.000   1.0000        cond10
588.5000    0    0.500   1.0000          NULL 
589.0000    9    6.000   1.0000         cond9
595.0000    0    8.500   1.0000          NULL 
603.5000    9    6.000   1.0000         cond9
609.5000    3    6.000   1.0000         cond3
615.5000    7    6.000   1.0000         cond7
621.5000    0    1.000   1.0000          NULL 
622.5000    5    6.000   1.0000         cond5
628.5000    0    3.500   1.0000          NULL 
632.0000    2    6.000   1.0000         cond2
638.0000    0    5.500   1.0000          NULL 
643.5000    8    6.000   1.0000         cond8
649.5000    0    7.500   1.0000          NULL 
657.0000    1    6.000   1.0000         cond1
663.0000    0    6.500   1.0000          NULL 
669.5000    2    6.000   1.0000         cond2
675.5000    0    0.500   1.0000          NULL 
676.0000    3    6.000   1.0000         cond3
682.0000    0    1.500   1.0000          NULL 
683.5000    1    6.000   1.0000         cond1
689.5000    0    4.500   1.0000          NULL 
694.0000    1    6.000   1.0000         cond1
700.0000    9    6.000   1.0000         cond9
706.0000    4    6.000   1.0000         cond4
712.0000    0    2.000   1.0000          NULL 
714.0000    6    6.000   1.0000         cond6
720.0000    0    3.500   1.0000          NULL 
723.5000    3    6.000   1.0000         cond3
729.5000    0    2.000   1.0000          NULL 
731.5000    8    6.000   1.0000         cond8
737.5000    4    6.000   1.0000         cond4
743.5000    0    0.500   1.0000          NULL 
744.0000    7    6.000   1.0000         cond7
750.0000    0    2.500   1.0000          NULL 
752.5000    5    6.000   1.0000         cond5
758.5000    0    0.500   1.0000          NULL 
759.0000    2    6.000   1.0000         cond2
765.0000    0    3.000   1.0000          NULL 
