  0.0000    5    6.000   1.0000         cond5
  6.0000    6    6.000   1.0000         cond6
 12.0000    0    0.500   1.0000          NULL 
 12.5000    5    6.000   1.0000         cond5
 18.5000    9    6.000   1.0000         cond9
 24.5000    0    0.500   1.0000          NULL 
 25.0000    1    6.000   1.0000         cond1
 31.0000    0    5.500   1.0000          NULL 
 36.5000    7    6.000   1.0000         cond7
 42.5000    0    6.000   1.0000          NULL 
 48.5000    6    6.000   1.0000         cond6
 54.5000    0    1.500   1.0000          NULL 
 56.0000    7    6.000   1.0000         cond7
 62.0000    0    9.000   1.0000          NULL 
 71.0000    3    6.000   1.0000         cond3
 77.0000    0    0.500   1.0000          NULL 
 77.5000    8    6.000   1.0000         cond8
 83.5000    0    1.500   1.0000          NULL 
 85.0000    2    6.000   1.0000         cond2
 91.0000    4    6.000   1.0000         cond4
 97.0000    0    6.500   1.0000          NULL 
103.5000    7    6.000   1.0000         cond7
109.5000    5    6.000   1.0000         cond5
115.5000    0    7.500   1.0000          NULL 
123.0000    8    6.000   1.0000         cond8
129.0000    0    2.000   1.0000          NULL 
131.0000    2    6.000   1.0000         cond2
137.0000    6    6.000   1.0000         cond6
143.0000    0    1.500   1.0000          NULL 
144.5000    8    6.000   1.0000         cond8
150.5000    0    3.500   1.0000          NULL 
154.0000    3    6.000   1.0000         cond3
160.0000    0    7.000   1.0000          NULL 
167.0000    2    6.000   1.0000         cond2
173.0000    0    0.500   1.0000          NULL 
173.5000    3    6.000   1.0000         cond3
179.5000    0    2.500   1.0000          NULL 
182.0000   10    6.000   1.0000        cond10
188.0000    0    7.000   1.0000          NULL 
195.0000    4    6.000   1.0000         cond4
201.0000    0    0.500   1.0000          NULL 
201.5000    4    6.000   1.0000         cond4
207.5000    0    2.000   1.0000          NULL 
209.5000    1    6.000   1.0000         cond1
215.5000    0    1.000   1.0000          NULL 
216.5000    1    6.000   1.0000         cond1
222.5000    0    5.000   1.0000          NULL 
227.5000    9    6.000   1.0000         cond9
233.5000    6    6.000   1.0000         cond6
239.5000    0    4.500   1.0000          NULL 
244.0000    5    6.000   1.0000         cond5
250.0000    0    2.000   1.0000          NULL 
252.0000   10    6.000   1.0000        cond10
258.0000    0    7.000   1.0000          NULL 
265.0000    4    6.000   1.0000         cond4
271.0000    0    8.500   1.0000          NULL 
279.5000    1    6.000   1.0000         cond1
285.5000    3    6.000   1.0000         cond3
291.5000    0    1.500   1.0000          NULL 
293.0000    3    6.000   1.0000         cond3
299.0000    5    6.000   1.0000         cond5
305.0000    0    1.500   1.0000          NULL 
306.5000    9    6.000   1.0000         cond9
312.5000    0    3.500   1.0000          NULL 
316.0000    5    6.000   1.0000         cond5
322.0000    0    1.500   1.0000          NULL 
323.5000    1    6.000   1.0000         cond1
329.5000    0    1.500   1.0000          NULL 
331.0000    8    6.000   1.0000         cond8
337.0000    0    7.000   1.0000          NULL 
344.0000    6    6.000   1.0000         cond6
350.0000    0    3.500   1.0000          NULL 
353.5000    6    6.000   1.0000         cond6
359.5000    0    3.500   1.0000          NULL 
363.0000    5    6.000   1.0000         cond5
369.0000    0    5.000   1.0000          NULL 
374.0000    8    6.000   1.0000         cond8
380.0000    0    3.000   1.0000          NULL 
383.0000   10    6.000   1.0000        cond10
389.0000    0    4.500   1.0000          NULL 
393.5000   10    6.000   1.0000        cond10
399.5000    0   12.000   1.0000          NULL 
411.5000    9    6.000   1.0000         cond9
417.5000    0    6.500   1.0000          NULL 
424.0000    6    6.000   1.0000         cond6
430.0000    7    6.000   1.0000         cond7
436.0000    0    2.000   1.0000          NULL 
438.0000    1    6.000   1.0000         cond1
444.0000    0    5.000   1.0000          NULL 
449.0000    2    6.000   1.0000         cond2
455.0000    0    9.000   1.0000          NULL 
464.0000    4    6.000   1.0000         cond4
470.0000    9    6.000   1.0000         cond9
476.0000    0    2.000   1.0000          NULL 
478.0000   10    6.000   1.0000        cond10
484.0000    0   10.000   1.0000          NULL 
494.0000    7    6.000   1.0000         cond7
500.0000    0    2.000   1.0000          NULL 
502.0000   10    6.000   1.0000        cond10
508.0000    0    3.000   1.0000          NULL 
511.0000    1    6.000   1.0000         cond1
517.0000    0    4.500   1.0000          NULL 
521.5000    4    6.000   1.0000         cond4
527.5000    0    1.500   1.0000          NULL 
529.0000    4    6.000   1.0000         cond4
535.0000    0    3.000   1.0000          NULL 
538.0000    7    6.000   1.0000         cond7
544.0000    0    4.500   1.0000          NULL 
548.5000    1    6.000   1.0000         cond1
554.5000    0    3.000   1.0000          NULL 
557.5000    7    6.000   1.0000         cond7
563.5000    0    4.500   1.0000          NULL 
568.0000    2    6.000   1.0000         cond2
574.0000    0    1.500   1.0000          NULL 
575.5000    8    6.000   1.0000         cond8
581.5000    0    8.000   1.0000          NULL 
589.5000    2    6.000   1.0000         cond2
595.5000    0   15.000   1.0000          NULL 
610.5000    6    6.000   1.0000         cond6
616.5000    0    4.000   1.0000          NULL 
620.5000    3    6.000   1.0000         cond3
626.5000    3    6.000   1.0000         cond3
632.5000    0    8.500   1.0000          NULL 
641.0000    9    6.000   1.0000         cond9
647.0000    0    2.500   1.0000          NULL 
649.5000    3    6.000   1.0000         cond3
655.5000    0    8.500   1.0000          NULL 
664.0000   10    6.000   1.0000        cond10
670.0000   10    6.000   1.0000        cond10
676.0000    0    5.000   1.0000          NULL 
681.0000    5    6.000   1.0000         cond5
687.0000    0    1.000   1.0000          NULL 
688.0000    2    6.000   1.0000         cond2
694.0000    0    0.500   1.0000          NULL 
694.5000    9    6.000   1.0000         cond9
700.5000    0    2.000   1.0000          NULL 
702.5000    8    6.000   1.0000         cond8
708.5000    0   16.000   1.0000          NULL 
724.5000    2    6.000   1.0000         cond2
730.5000    0    3.000   1.0000          NULL 
733.5000    8    6.000   1.0000         cond8
739.5000    0    5.500   1.0000          NULL 
745.0000    9    6.000   1.0000         cond9
751.0000    0    0.500   1.0000          NULL 
751.5000    7    6.000   1.0000         cond7
757.5000    0    4.000   1.0000          NULL 
761.5000    4    6.000   1.0000         cond4
767.5000    0    0.500   1.0000          NULL 
