  0.0000    3    6.000   1.0000         cond3
  6.0000    0    0.500   1.0000          NULL 
  6.5000    2    6.000   1.0000         cond2
 12.5000    0    0.500   1.0000          NULL 
 13.0000    4    6.000   1.0000         cond4
 19.0000    0    4.000   1.0000          NULL 
 23.0000    3    6.000   1.0000         cond3
 29.0000    0    3.000   1.0000          NULL 
 32.0000    7    6.000   1.0000         cond7
 38.0000    0    9.500   1.0000          NULL 
 47.5000    5    6.000   1.0000         cond5
 53.5000    0    1.500   1.0000          NULL 
 55.0000    6    6.000   1.0000         cond6
 61.0000    0    8.000   1.0000          NULL 
 69.0000   10    6.000   1.0000        cond10
 75.0000    0    2.500   1.0000          NULL 
 77.5000    2    6.000   1.0000         cond2
 83.5000    0    1.500   1.0000          NULL 
 85.0000    2    6.000   1.0000         cond2
 91.0000    0    1.000   1.0000          NULL 
 92.0000    6    6.000   1.0000         cond6
 98.0000    0    0.500   1.0000          NULL 
 98.5000    3    6.000   1.0000         cond3
104.5000    0    2.500   1.0000          NULL 
107.0000    2    6.000   1.0000         cond2
113.0000    0    7.500   1.0000          NULL 
120.5000    8    6.000   1.0000         cond8
126.5000    9    6.000   1.0000         cond9
132.5000    0    3.500   1.0000          NULL 
136.0000    7    6.000   1.0000         cond7
142.0000    0    2.500   1.0000          NULL 
144.5000    1    6.000   1.0000         cond1
150.5000    0    0.500   1.0000          NULL 
151.0000    9    6.000   1.0000         cond9
157.0000    0    3.500   1.0000          NULL 
160.5000    6    6.000   1.0000         cond6
166.5000    0    7.500   1.0000          NULL 
174.0000    7    6.000   1.0000         cond7
180.0000    0    0.500   1.0000          NULL 
180.5000    8    6.000   1.0000         cond8
186.5000    0    1.000   1.0000          NULL 
187.5000   10    6.000   1.0000        cond10
193.5000    5    6.000   1.0000         cond5
199.5000    0    0.500   1.0000          NULL 
200.0000    8    6.000   1.0000         cond8
206.0000    0    5.000   1.0000          NULL 
211.0000    9    6.000   1.0000         cond9
217.0000    0   16.000   1.0000          NULL 
233.0000   10    6.000   1.0000        cond10
239.0000    2    6.000   1.0000         cond2
245.0000    0    1.500   1.0000          NULL 
246.5000    6    6.000   1.0000         cond6
252.5000    0    3.500   1.0000          NULL 
256.0000    1    6.000   1.0000         cond1
262.0000    0    5.500   1.0000          NULL 
267.5000    9    6.000   1.0000         cond9
273.5000    0    1.000   1.0000          NULL 
274.5000    6    6.000   1.0000         cond6
280.5000    0    7.500   1.0000          NULL 
288.0000    7    6.000   1.0000         cond7
294.0000    0    5.000   1.0000          NULL 
299.0000    3    6.000   1.0000         cond3
305.0000    0   12.500   1.0000          NULL 
317.5000    8    6.000   1.0000         cond8
323.5000    0    6.500   1.0000          NULL 
330.0000    5    6.000   1.0000         cond5
336.0000   10    6.000   1.0000        cond10
342.0000    0    0.500   1.0000          NULL 
342.5000    6    6.000   1.0000         cond6
348.5000    0    1.500   1.0000          NULL 
350.0000    1    6.000   1.0000         cond1
356.0000    0    6.000   1.0000          NULL 
362.0000    3    6.000   1.0000         cond3
368.0000    0    0.500   1.0000          NULL 
368.5000    3    6.000   1.0000         cond3
374.5000   10    6.000   1.0000        cond10
380.5000    1    6.000   1.0000         cond1
386.5000    0    0.500   1.0000          NULL 
387.0000    1    6.000   1.0000         cond1
393.0000    0   11.000   1.0000          NULL 
404.0000    3    6.000   1.0000         cond3
410.0000    0    1.500   1.0000          NULL 
411.5000    7    6.000   1.0000         cond7
417.5000    0    1.500   1.0000          NULL 
419.0000    5    6.000   1.0000         cond5
425.0000    0    5.500   1.0000          NULL 
430.5000    9    6.000   1.0000         cond9
436.5000    0    4.500   1.0000          NULL 
441.0000    2    6.000   1.0000         cond2
447.0000    0    2.500   1.0000          NULL 
449.5000    1    6.000   1.0000         cond1
455.5000    0   10.500   1.0000          NULL 
466.0000    4    6.000   1.0000         cond4
472.0000    0    0.500   1.0000          NULL 
472.5000    7    6.000   1.0000         cond7
478.5000    0    1.500   1.0000          NULL 
480.0000    8    6.000   1.0000         cond8
486.0000    0    4.500   1.0000          NULL 
490.5000    1    6.000   1.0000         cond1
496.5000    0    5.500   1.0000          NULL 
502.0000    6    6.000   1.0000         cond6
508.0000    5    6.000   1.0000         cond5
514.0000    3    6.000   1.0000         cond3
520.0000    0    2.000   1.0000          NULL 
522.0000    9    6.000   1.0000         cond9
528.0000    0   25.500   1.0000          NULL 
553.5000    4    6.000   1.0000         cond4
559.5000    0    0.500   1.0000          NULL 
560.0000    4    6.000   1.0000         cond4
566.0000    0    8.000   1.0000          NULL 
574.0000    7    6.000   1.0000         cond7
580.0000    0    3.000   1.0000          NULL 
583.0000    1    6.000   1.0000         cond1
589.0000    0    5.000   1.0000          NULL 
594.0000    8    6.000   1.0000         cond8
600.0000    0    0.500   1.0000          NULL 
600.5000   10    6.000   1.0000        cond10
606.5000    5    6.000   1.0000         cond5
612.5000    0    3.000   1.0000          NULL 
615.5000    4    6.000   1.0000         cond4
621.5000    0    3.000   1.0000          NULL 
624.5000    6    6.000   1.0000         cond6
630.5000    0    0.500   1.0000          NULL 
631.0000   10    6.000   1.0000        cond10
637.0000    0    1.000   1.0000          NULL 
638.0000    8    6.000   1.0000         cond8
644.0000    0    8.500   1.0000          NULL 
652.5000    8    6.000   1.0000         cond8
658.5000    0    7.500   1.0000          NULL 
666.0000    4    6.000   1.0000         cond4
672.0000    0    0.500   1.0000          NULL 
672.5000    9    6.000   1.0000         cond9
678.5000    0    0.500   1.0000          NULL 
679.0000    7    6.000   1.0000         cond7
685.0000    0    7.500   1.0000          NULL 
692.5000    5    6.000   1.0000         cond5
698.5000    0    0.500   1.0000          NULL 
699.0000   10    6.000   1.0000        cond10
705.0000    0    1.500   1.0000          NULL 
706.5000    9    6.000   1.0000         cond9
712.5000    0    2.000   1.0000          NULL 
714.5000    4    6.000   1.0000         cond4
720.5000    0    0.500   1.0000          NULL 
721.0000    2    6.000   1.0000         cond2
727.0000    0   16.000   1.0000          NULL 
743.0000    5    6.000   1.0000         cond5
749.0000    0    3.500   1.0000          NULL 
752.5000    4    6.000   1.0000         cond4
758.5000    0    1.000   1.0000          NULL 
759.5000    2    6.000   1.0000         cond2
765.5000    0    2.500   1.0000          NULL 
