  0.0000    6    6.000   1.0000         cond6
  6.0000    0    2.000   1.0000          NULL 
  8.0000    4    6.000   1.0000         cond4
 14.0000    0    5.500   1.0000          NULL 
 19.5000    1    6.000   1.0000         cond1
 25.5000    0    1.000   1.0000          NULL 
 26.5000    1    6.000   1.0000         cond1
 32.5000    3    6.000   1.0000         cond3
 38.5000    0    6.000   1.0000          NULL 
 44.5000    7    6.000   1.0000         cond7
 50.5000    0    0.500   1.0000          NULL 
 51.0000   10    6.000   1.0000        cond10
 57.0000    0    2.500   1.0000          NULL 
 59.5000    5    6.000   1.0000         cond5
 65.5000    5    6.000   1.0000         cond5
 71.5000    0    1.500   1.0000          NULL 
 73.0000   10    6.000   1.0000        cond10
 79.0000    6    6.000   1.0000         cond6
 85.0000    0    9.000   1.0000          NULL 
 94.0000    9    6.000   1.0000         cond9
100.0000    6    6.000   1.0000         cond6
106.0000    0    0.500   1.0000          NULL 
106.5000    8    6.000   1.0000         cond8
112.5000    0    2.000   1.0000          NULL 
114.5000    4    6.000   1.0000         cond4
120.5000    0    1.500   1.0000          NULL 
122.0000    8    6.000   1.0000         cond8
128.0000    0    8.500   1.0000          NULL 
136.5000    8    6.000   1.0000         cond8
142.5000    0    1.500   1.0000          NULL 
144.0000    7    6.000   1.0000         cond7
150.0000    3    6.000   1.0000         cond3
156.0000    0    0.500   1.0000          NULL 
156.5000    1    6.000   1.0000         cond1
162.5000    0    5.000   1.0000          NULL 
167.5000    6    6.000   1.0000         cond6
173.5000    0    1.500   1.0000          NULL 
175.0000    8    6.000   1.0000         cond8
181.0000    0    2.500   1.0000          NULL 
183.5000   10    6.000   1.0000        cond10
189.5000    0    4.000   1.0000          NULL 
193.5000    7    6.000   1.0000         cond7
199.5000    0    1.500   1.0000          NULL 
201.0000    3    6.000   1.0000         cond3
207.0000    0    1.000   1.0000          NULL 
208.0000    2    6.000   1.0000         cond2
214.0000    0    0.500   1.0000          NULL 
214.5000    9    6.000   1.0000         cond9
220.5000    0    5.500   1.0000          NULL 
226.0000   10    6.000   1.0000        cond10
232.0000    0    2.000   1.0000          NULL 
234.0000    5    6.000   1.0000         cond5
240.0000    0    7.500   1.0000          NULL 
247.5000    2    6.000   1.0000         cond2
253.5000    0    2.500   1.0000          NULL 
256.0000    2    6.000   1.0000         cond2
262.0000    0    1.500   1.0000          NULL 
263.5000    2    6.000   1.0000         cond2
269.5000    0    8.500   1.0000          NULL 
278.0000   10    6.000   1.0000        cond10
284.0000    0    0.500   1.0000          NULL 
284.5000    9    6.000   1.0000         cond9
290.5000    0    4.500   1.0000          NULL 
295.0000    5    6.000   1.0000         cond5
301.0000    0    1.500   1.0000          NULL 
302.5000    2    6.000   1.0000         cond2
308.5000    0    3.000   1.0000          NULL 
311.5000    6    6.000   1.0000         cond6
317.5000    0    3.500   1.0000          NULL 
321.0000    8    6.000   1.0000         cond8
327.0000    0    2.500   1.0000          NULL 
329.5000    1    6.000   1.0000         cond1
335.5000    0    2.000   1.0000          NULL 
337.5000    9    6.000   1.0000         cond9
343.5000    0    2.000   1.0000          NULL 
345.5000    6    6.000   1.0000         cond6
351.5000    1    6.000   1.0000         cond1
357.5000    0    5.000   1.0000          NULL 
362.5000   10    6.000   1.0000        cond10
368.5000    0    1.500   1.0000          NULL 
370.0000    7    6.000   1.0000         cond7
376.0000    0    2.500   1.0000          NULL 
378.5000    9    6.000   1.0000         cond9
384.5000    8    6.000   1.0000         cond8
390.5000    0    3.000   1.0000          NULL 
393.5000    7    6.000   1.0000         cond7
399.5000    0    3.000   1.0000          NULL 
402.5000    5    6.000   1.0000         cond5
408.5000    0    9.000   1.0000          NULL 
417.5000    5    6.000   1.0000         cond5
423.5000    0    1.500   1.0000          NULL 
425.0000    2    6.000   1.0000         cond2
431.0000    0    0.500   1.0000          NULL 
431.5000   10    6.000   1.0000        cond10
437.5000    0   19.000   1.0000          NULL 
456.5000    3    6.000   1.0000         cond3
462.5000    0    4.500   1.0000          NULL 
467.0000    7    6.000   1.0000         cond7
473.0000    0    0.500   1.0000          NULL 
473.5000    4    6.000   1.0000         cond4
479.5000    0    6.000   1.0000          NULL 
485.5000    4    6.000   1.0000         cond4
491.5000    0    0.500   1.0000          NULL 
492.0000    4    6.000   1.0000         cond4
498.0000    0    6.000   1.0000          NULL 
504.0000    4    6.000   1.0000         cond4
510.0000    0   20.000   1.0000          NULL 
530.0000    5    6.000   1.0000         cond5
536.0000    0    4.000   1.0000          NULL 
540.0000    3    6.000   1.0000         cond3
546.0000    0    3.000   1.0000          NULL 
549.0000    2    6.000   1.0000         cond2
555.0000    0    2.000   1.0000          NULL 
557.0000    1    6.000   1.0000         cond1
563.0000    0    5.000   1.0000          NULL 
568.0000    4    6.000   1.0000         cond4
574.0000    0    0.500   1.0000          NULL 
574.5000    2    6.000   1.0000         cond2
580.5000    0    2.000   1.0000          NULL 
582.5000    7    6.000   1.0000         cond7
588.5000    0    1.500   1.0000          NULL 
590.0000    6    6.000   1.0000         cond6
596.0000    0    5.000   1.0000          NULL 
601.0000    5    6.000   1.0000         cond5
607.0000    0    2.000   1.0000          NULL 
609.0000    1    6.000   1.0000         cond1
615.0000    0    0.500   1.0000          NULL 
615.5000    6    6.000   1.0000         cond6
621.5000    8    6.000   1.0000         cond8
627.5000    0    9.500   1.0000          NULL 
637.0000    3    6.000   1.0000         cond3
643.0000    0    0.500   1.0000          NULL 
643.5000    7    6.000   1.0000         cond7
649.5000    0   11.000   1.0000          NULL 
660.5000    4    6.000   1.0000         cond4
666.5000    0    6.000   1.0000          NULL 
672.5000   10    6.000   1.0000        cond10
678.5000    0   14.500   1.0000          NULL 
693.0000    9    6.000   1.0000         cond9
699.0000    0    9.500   1.0000          NULL 
708.5000    9    6.000   1.0000         cond9
714.5000    9    6.000   1.0000         cond9
720.5000    0    3.000   1.0000          NULL 
723.5000    1    6.000   1.0000         cond1
729.5000    0   10.000   1.0000          NULL 
739.5000    8    6.000   1.0000         cond8
745.5000    0    3.000   1.0000          NULL 
748.5000    3    6.000   1.0000         cond3
754.5000    0    5.500   1.0000          NULL 
760.0000    3    6.000   1.0000         cond3
766.0000    0    2.000   1.0000          NULL 
