  0.0000    2    6.000   1.0000         cond2
  6.0000    2    6.000   1.0000         cond2
 12.0000    0    0.500   1.0000          NULL 
 12.5000    5    6.000   1.0000         cond5
 18.5000    5    6.000   1.0000         cond5
 24.5000    0   13.000   1.0000          NULL 
 37.5000    9    6.000   1.0000         cond9
 43.5000    0    1.500   1.0000          NULL 
 45.0000    6    6.000   1.0000         cond6
 51.0000    0    9.500   1.0000          NULL 
 60.5000   10    6.000   1.0000        cond10
 66.5000    0    7.000   1.0000          NULL 
 73.5000    4    6.000   1.0000         cond4
 79.5000    0    1.500   1.0000          NULL 
 81.0000    2    6.000   1.0000         cond2
 87.0000    0   13.000   1.0000          NULL 
100.0000   10    6.000   1.0000        cond10
106.0000   10    6.000   1.0000        cond10
112.0000    0    3.000   1.0000          NULL 
115.0000    7    6.000   1.0000         cond7
121.0000    0    0.500   1.0000          NULL 
121.5000    6    6.000   1.0000         cond6
127.5000    0    6.500   1.0000          NULL 
134.0000    5    6.000   1.0000         cond5
140.0000    0    7.000   1.0000          NULL 
147.0000    3    6.000   1.0000         cond3
153.0000    0    2.000   1.0000          NULL 
155.0000    7    6.000   1.0000         cond7
161.0000    0    1.000   1.0000          NULL 
162.0000    1    6.000   1.0000         cond1
168.0000    0   13.500   1.0000          NULL 
181.5000    9    6.000   1.0000         cond9
187.5000    0    6.500   1.0000          NULL 
194.0000    5    6.000   1.0000         cond5
200.0000    0    8.500   1.0000          NULL 
208.5000    4    6.000   1.0000         cond4
214.5000    2    6.000   1.0000         cond2
220.5000    0    2.500   1.0000          NULL 
223.0000    4    6.000   1.0000         cond4
229.0000    0    3.000   1.0000          NULL 
232.0000    6    6.000   1.0000         cond6
238.0000    0    9.500   1.0000          NULL 
247.5000    3    6.000   1.0000         cond3
253.5000    0    3.500   1.0000          NULL 
257.0000    8    6.000   1.0000         cond8
263.0000    0    3.000   1.0000          NULL 
266.0000    8    6.000   1.0000         cond8
272.0000    0    1.500   1.0000          NULL 
273.5000    4    6.000   1.0000         cond4
279.5000    0    8.000   1.0000          NULL 
287.5000    2    6.000   1.0000         cond2
293.5000    0    3.000   1.0000          NULL 
296.5000    6    6.000   1.0000         cond6
302.5000    0    2.500   1.0000          NULL 
305.0000    1    6.000   1.0000         cond1
311.0000    0    0.500   1.0000          NULL 
311.5000    5    6.000   1.0000         cond5
317.5000    0    3.500   1.0000          NULL 
321.0000    1    6.000   1.0000         cond1
327.0000    0    2.000   1.0000          NULL 
329.0000    6    6.000   1.0000         cond6
335.0000    0    6.000   1.0000          NULL 
341.0000    8    6.000   1.0000         cond8
347.0000    0   10.000   1.0000          NULL 
357.0000    6    6.000   1.0000         cond6
363.0000    0    6.500   1.0000          NULL 
369.5000    3    6.000   1.0000         cond3
375.5000    0    2.000   1.0000          NULL 
377.5000    9    6.000   1.0000         cond9
383.5000    0    7.000   1.0000          NULL 
390.5000    7    6.000   1.0000         cond7
396.5000    0   10.500   1.0000          NULL 
407.0000    9    6.000   1.0000         cond9
413.0000    6    6.000   1.0000         cond6
419.0000    0    8.500   1.0000          NULL 
427.5000    7    6.000   1.0000         cond7
433.5000    0    7.500   1.0000          NULL 
441.0000    3    6.000   1.0000         cond3
447.0000    0    9.500   1.0000          NULL 
456.5000    2    6.000   1.0000         cond2
462.5000    0    4.500   1.0000          NULL 
467.0000    1    6.000   1.0000         cond1
473.0000    0    2.000   1.0000          NULL 
475.0000    1    6.000   1.0000         cond1
481.0000    0    2.000   1.0000          NULL 
483.0000    2    6.000   1.0000         cond2
489.0000    0    8.500   1.0000          NULL 
497.5000    9    6.000   1.0000         cond9
503.5000    4    6.000   1.0000         cond4
509.5000    0    1.500   1.0000          NULL 
511.0000    7    6.000   1.0000         cond7
517.0000    0    0.500   1.0000          NULL 
517.5000    1    6.000   1.0000         cond1
523.5000    0    2.500   1.0000          NULL 
526.0000    8    6.000   1.0000         cond8
532.0000    0    4.000   1.0000          NULL 
536.0000    8    6.000   1.0000         cond8
542.0000    0    1.000   1.0000          NULL 
543.0000    7    6.000   1.0000         cond7
549.0000    0    1.000   1.0000          NULL 
550.0000    2    6.000   1.0000         cond2
556.0000    0    3.500   1.0000          NULL 
559.5000    8    6.000   1.0000         cond8
565.5000    0    2.000   1.0000          NULL 
567.5000    3    6.000   1.0000         cond3
573.5000    0    5.500   1.0000          NULL 
579.0000    3    6.000   1.0000         cond3
585.0000    0    4.500   1.0000          NULL 
589.5000    3    6.000   1.0000         cond3
595.5000    0    7.000   1.0000          NULL 
602.5000   10    6.000   1.0000        cond10
608.5000    0    0.500   1.0000          NULL 
609.0000    8    6.000   1.0000         cond8
615.0000    0    1.500   1.0000          NULL 
616.5000    5    6.000   1.0000         cond5
622.5000    0    0.500   1.0000          NULL 
623.0000    7    6.000   1.0000         cond7
629.0000    0    2.000   1.0000          NULL 
631.0000    9    6.000   1.0000         cond9
637.0000    0    2.000   1.0000          NULL 
639.0000    9    6.000   1.0000         cond9
645.0000    1    6.000   1.0000         cond1
651.0000    0    1.000   1.0000          NULL 
652.0000    1    6.000   1.0000         cond1
658.0000    0    4.000   1.0000          NULL 
662.0000    4    6.000   1.0000         cond4
668.0000    0    1.000   1.0000          NULL 
669.0000    5    6.000   1.0000         cond5
675.0000    0    1.500   1.0000          NULL 
676.5000   10    6.000   1.0000        cond10
682.5000    0    1.000   1.0000          NULL 
683.5000    3    6.000   1.0000         cond3
689.5000    0    1.500   1.0000          NULL 
691.0000    4    6.000   1.0000         cond4
697.0000    0    0.500   1.0000          NULL 
697.5000   10    6.000   1.0000        cond10
703.5000    0    7.500   1.0000          NULL 
711.0000    8    6.000   1.0000         cond8
717.0000    9    6.000   1.0000         cond9
723.0000    0    0.500   1.0000          NULL 
723.5000   10    6.000   1.0000        cond10
729.5000    0    2.000   1.0000          NULL 
731.5000    7    6.000   1.0000         cond7
737.5000    0    2.000   1.0000          NULL 
739.5000    6    6.000   1.0000         cond6
745.5000    0    2.500   1.0000          NULL 
748.0000    5    6.000   1.0000         cond5
754.0000    0    0.500   1.0000          NULL 
754.5000    4    6.000   1.0000         cond4
760.5000   10    6.000   1.0000        cond10
766.5000    0    1.500   1.0000          NULL 
