  0.0000    5    6.000   1.0000         cond5
  6.0000    0    1.500   1.0000          NULL 
  7.5000   10    6.000   1.0000        cond10
 13.5000    6    6.000   1.0000         cond6
 19.5000    7    6.000   1.0000         cond7
 25.5000    0    3.500   1.0000          NULL 
 29.0000    4    6.000   1.0000         cond4
 35.0000    0    5.000   1.0000          NULL 
 40.0000    1    6.000   1.0000         cond1
 46.0000    0    2.000   1.0000          NULL 
 48.0000    7    6.000   1.0000         cond7
 54.0000    4    6.000   1.0000         cond4
 60.0000    0    1.000   1.0000          NULL 
 61.0000    2    6.000   1.0000         cond2
 67.0000    0    1.000   1.0000          NULL 
 68.0000    5    6.000   1.0000         cond5
 74.0000    0    9.000   1.0000          NULL 
 83.0000    5    6.000   1.0000         cond5
 89.0000    0    2.000   1.0000          NULL 
 91.0000    5    6.000   1.0000         cond5
 97.0000    0    3.500   1.0000          NULL 
100.5000    7    6.000   1.0000         cond7
106.5000    0    7.500   1.0000          NULL 
114.0000    9    6.000   1.0000         cond9
120.0000    5    6.000   1.0000         cond5
126.0000    0    6.000   1.0000          NULL 
132.0000    4    6.000   1.0000         cond4
138.0000    0    2.000   1.0000          NULL 
140.0000    8    6.000   1.0000         cond8
146.0000    0    3.500   1.0000          NULL 
149.5000    1    6.000   1.0000         cond1
155.5000    0    4.500   1.0000          NULL 
160.0000    6    6.000   1.0000         cond6
166.0000    0    1.000   1.0000          NULL 
167.0000    7    6.000   1.0000         cond7
173.0000    0    1.000   1.0000          NULL 
174.0000    5    6.000   1.0000         cond5
180.0000    0    2.500   1.0000          NULL 
182.5000    8    6.000   1.0000         cond8
188.5000    0    0.500   1.0000          NULL 
189.0000    1    6.000   1.0000         cond1
195.0000    0    1.500   1.0000          NULL 
196.5000    7    6.000   1.0000         cond7
202.5000    0   17.000   1.0000          NULL 
219.5000    2    6.000   1.0000         cond2
225.5000    7    6.000   1.0000         cond7
231.5000    0    4.000   1.0000          NULL 
235.5000    4    6.000   1.0000         cond4
241.5000    0    5.000   1.0000          NULL 
246.5000    4    6.000   1.0000         cond4
252.5000    0    3.500   1.0000          NULL 
256.0000    2    6.000   1.0000         cond2
262.0000    0    7.500   1.0000          NULL 
269.5000    1    6.000   1.0000         cond1
275.5000    0    6.500   1.0000          NULL 
282.0000   10    6.000   1.0000        cond10
288.0000    0    1.500   1.0000          NULL 
289.5000    9    6.000   1.0000         cond9
295.5000    0    2.500   1.0000          NULL 
298.0000    9    6.000   1.0000         cond9
304.0000    0    0.500   1.0000          NULL 
304.5000    6    6.000   1.0000         cond6
310.5000    0    1.500   1.0000          NULL 
312.0000    4    6.000   1.0000         cond4
318.0000    0    2.000   1.0000          NULL 
320.0000    6    6.000   1.0000         cond6
326.0000    0    1.000   1.0000          NULL 
327.0000    7    6.000   1.0000         cond7
333.0000    0    3.500   1.0000          NULL 
336.5000    9    6.000   1.0000         cond9
342.5000    0    7.500   1.0000          NULL 
350.0000    1    6.000   1.0000         cond1
356.0000   10    6.000   1.0000        cond10
362.0000    0    3.500   1.0000          NULL 
365.5000    2    6.000   1.0000         cond2
371.5000    0    3.500   1.0000          NULL 
375.0000    3    6.000   1.0000         cond3
381.0000    0    5.000   1.0000          NULL 
386.0000    5    6.000   1.0000         cond5
392.0000    0    8.500   1.0000          NULL 
400.5000    3    6.000   1.0000         cond3
406.5000    0    7.000   1.0000          NULL 
413.5000    8    6.000   1.0000         cond8
419.5000    4    6.000   1.0000         cond4
425.5000    0    4.000   1.0000          NULL 
429.5000    9    6.000   1.0000         cond9
435.5000    1    6.000   1.0000         cond1
441.5000    0    7.500   1.0000          NULL 
449.0000   10    6.000   1.0000        cond10
455.0000    0    1.000   1.0000          NULL 
456.0000    3    6.000   1.0000         cond3
462.0000    0    4.000   1.0000          NULL 
466.0000    6    6.000   1.0000         cond6
472.0000    0    7.500   1.0000          NULL 
479.5000    8    6.000   1.0000         cond8
485.5000    0    2.500   1.0000          NULL 
488.0000   10    6.000   1.0000        cond10
494.0000    0    2.000   1.0000          NULL 
496.0000    3    6.000   1.0000         cond3
502.0000    0    3.000   1.0000          NULL 
505.0000    5    6.000   1.0000         cond5
511.0000    0    2.500   1.0000          NULL 
513.5000    8    6.000   1.0000         cond8
519.5000    0    6.500   1.0000          NULL 
526.0000    7    6.000   1.0000         cond7
532.0000    0    3.500   1.0000          NULL 
535.5000    2    6.000   1.0000         cond2
541.5000    0    3.500   1.0000          NULL 
545.0000    6    6.000   1.0000         cond6
551.0000    0    5.500   1.0000          NULL 
556.5000    2    6.000   1.0000         cond2
562.5000    0    1.000   1.0000          NULL 
563.5000   10    6.000   1.0000        cond10
569.5000    0    4.500   1.0000          NULL 
574.0000    1    6.000   1.0000         cond1
580.0000    0    1.000   1.0000          NULL 
581.0000    3    6.000   1.0000         cond3
587.0000    0    5.500   1.0000          NULL 
592.5000    3    6.000   1.0000         cond3
598.5000    0    0.500   1.0000          NULL 
599.0000    6    6.000   1.0000         cond6
605.0000    0    0.500   1.0000          NULL 
605.5000    9    6.000   1.0000         cond9
611.5000    0    4.500   1.0000          NULL 
616.0000   10    6.000   1.0000        cond10
622.0000    0    0.500   1.0000          NULL 
622.5000    3    6.000   1.0000         cond3
628.5000    0    1.000   1.0000          NULL 
629.5000    9    6.000   1.0000         cond9
635.5000    8    6.000   1.0000         cond8
641.5000    0    1.500   1.0000          NULL 
643.0000    6    6.000   1.0000         cond6
649.0000    0    2.000   1.0000          NULL 
651.0000    8    6.000   1.0000         cond8
657.0000    0    4.500   1.0000          NULL 
661.5000    8    6.000   1.0000         cond8
667.5000    0    7.000   1.0000          NULL 
674.5000    1    6.000   1.0000         cond1
680.5000    0    2.500   1.0000          NULL 
683.0000   10    6.000   1.0000        cond10
689.0000    0    0.500   1.0000          NULL 
689.5000    4    6.000   1.0000         cond4
695.5000    0    1.000   1.0000          NULL 
696.5000    3    6.000   1.0000         cond3
702.5000    0   13.500   1.0000          NULL 
716.0000    2    6.000   1.0000         cond2
722.0000    0   13.500   1.0000          NULL 
735.5000    9    6.000   1.0000         cond9
741.5000    0    5.500   1.0000          NULL 
747.0000    2    6.000   1.0000         cond2
753.0000    0   15.000   1.0000          NULL 
