  0.0000    6    6.000   1.0000         cond6
  6.0000    0    2.000   1.0000          NULL 
  8.0000    6    6.000   1.0000         cond6
 14.0000    0    4.000   1.0000          NULL 
 18.0000    3    6.000   1.0000         cond3
 24.0000    0    1.000   1.0000          NULL 
 25.0000   10    6.000   1.0000        cond10
 31.0000    0    1.000   1.0000          NULL 
 32.0000    8    6.000   1.0000         cond8
 38.0000    0    2.500   1.0000          NULL 
 40.5000    7    6.000   1.0000         cond7
 46.5000    0    2.500   1.0000          NULL 
 49.0000    4    6.000   1.0000         cond4
 55.0000    0    1.000   1.0000          NULL 
 56.0000    7    6.000   1.0000         cond7
 62.0000    0    0.500   1.0000          NULL 
 62.5000    7    6.000   1.0000         cond7
 68.5000    0    3.000   1.0000          NULL 
 71.5000    4    6.000   1.0000         cond4
 77.5000    0    1.000   1.0000          NULL 
 78.5000    4    6.000   1.0000         cond4
 84.5000    0    3.500   1.0000          NULL 
 88.0000    4    6.000   1.0000         cond4
 94.0000    0    1.500   1.0000          NULL 
 95.5000   10    6.000   1.0000        cond10
101.5000    2    6.000   1.0000         cond2
107.5000    0    7.500   1.0000          NULL 
115.0000    5    6.000   1.0000         cond5
121.0000    0    1.000   1.0000          NULL 
122.0000    5    6.000   1.0000         cond5
128.0000    0    3.500   1.0000          NULL 
131.5000   10    6.000   1.0000        cond10
137.5000    0    3.500   1.0000          NULL 
141.0000    3    6.000   1.0000         cond3
147.0000    0    2.500   1.0000          NULL 
149.5000    4    6.000   1.0000         cond4
155.5000    0    6.500   1.0000          NULL 
162.0000   10    6.000   1.0000        cond10
168.0000    2    6.000   1.0000         cond2
174.0000    0    1.500   1.0000          NULL 
175.5000   10    6.000   1.0000        cond10
181.5000    0    8.500   1.0000          NULL 
190.0000    9    6.000   1.0000         cond9
196.0000    0    2.500   1.0000          NULL 
198.5000   10    6.000   1.0000        cond10
204.5000    0    0.500   1.0000          NULL 
205.0000    1    6.000   1.0000         cond1
211.0000    0    4.000   1.0000          NULL 
215.0000    6    6.000   1.0000         cond6
221.0000    0    4.500   1.0000          NULL 
225.5000    6    6.000   1.0000         cond6
231.5000    0    9.500   1.0000          NULL 
241.0000    4    6.000   1.0000         cond4
247.0000    0    7.000   1.0000          NULL 
254.0000    3    6.000   1.0000         cond3
260.0000    0    4.000   1.0000          NULL 
264.0000    3    6.000   1.0000         cond3
270.0000    0    3.000   1.0000          NULL 
273.0000    6    6.000   1.0000         cond6
279.0000    0    2.500   1.0000          NULL 
281.5000    5    6.000   1.0000         cond5
287.5000    0    2.000   1.0000          NULL 
289.5000    8    6.000   1.0000         cond8
295.5000    0    5.000   1.0000          NULL 
300.5000    5    6.000   1.0000         cond5
306.5000    0    6.500   1.0000          NULL 
313.0000    9    6.000   1.0000         cond9
319.0000    0    1.000   1.0000          NULL 
320.0000    8    6.000   1.0000         cond8
326.0000    0   13.500   1.0000          NULL 
339.5000    8    6.000   1.0000         cond8
345.5000    0    9.500   1.0000          NULL 
355.0000    1    6.000   1.0000         cond1
361.0000    0    6.500   1.0000          NULL 
367.5000    5    6.000   1.0000         cond5
373.5000    9    6.000   1.0000         cond9
379.5000    0    5.000   1.0000          NULL 
384.5000    2    6.000   1.0000         cond2
390.5000    0    4.500   1.0000          NULL 
395.0000    7    6.000   1.0000         cond7
401.0000    0    0.500   1.0000          NULL 
401.5000    7    6.000   1.0000         cond7
407.5000    1    6.000   1.0000         cond1
413.5000    0    1.000   1.0000          NULL 
414.5000    8    6.000   1.0000         cond8
420.5000    0   11.500   1.0000          NULL 
432.0000    6    6.000   1.0000         cond6
438.0000    0   13.500   1.0000          NULL 
451.5000   10    6.000   1.0000        cond10
457.5000    0    6.000   1.0000          NULL 
463.5000    9    6.000   1.0000         cond9
469.5000    1    6.000   1.0000         cond1
475.5000    3    6.000   1.0000         cond3
481.5000    0    5.500   1.0000          NULL 
487.0000    6    6.000   1.0000         cond6
493.0000    0    1.500   1.0000          NULL 
494.5000   10    6.000   1.0000        cond10
500.5000    0    0.500   1.0000          NULL 
501.0000    5    6.000   1.0000         cond5
507.0000    0    1.500   1.0000          NULL 
508.5000    8    6.000   1.0000         cond8
514.5000    0    2.500   1.0000          NULL 
517.0000    3    6.000   1.0000         cond3
523.0000    9    6.000   1.0000         cond9
529.0000    0    8.500   1.0000          NULL 
537.5000    7    6.000   1.0000         cond7
543.5000    0    1.000   1.0000          NULL 
544.5000    9    6.000   1.0000         cond9
550.5000    0    0.500   1.0000          NULL 
551.0000    8    6.000   1.0000         cond8
557.0000    0    2.000   1.0000          NULL 
559.0000    1    6.000   1.0000         cond1
565.0000    3    6.000   1.0000         cond3
571.0000    0    1.000   1.0000          NULL 
572.0000    1    6.000   1.0000         cond1
578.0000    0    1.500   1.0000          NULL 
579.5000    2    6.000   1.0000         cond2
585.5000    0    5.500   1.0000          NULL 
591.0000    6    6.000   1.0000         cond6
597.0000    2    6.000   1.0000         cond2
603.0000    0    3.000   1.0000          NULL 
606.0000    9    6.000   1.0000         cond9
612.0000    0    3.000   1.0000          NULL 
615.0000    4    6.000   1.0000         cond4
621.0000    0    5.500   1.0000          NULL 
626.5000    8    6.000   1.0000         cond8
632.5000    0    3.500   1.0000          NULL 
636.0000    7    6.000   1.0000         cond7
642.0000    0    3.000   1.0000          NULL 
645.0000    5    6.000   1.0000         cond5
651.0000    0   11.000   1.0000          NULL 
662.0000    9    6.000   1.0000         cond9
668.0000    0    2.000   1.0000          NULL 
670.0000    5    6.000   1.0000         cond5
676.0000    0    7.500   1.0000          NULL 
683.5000    1    6.000   1.0000         cond1
689.5000    0    4.000   1.0000          NULL 
693.5000    2    6.000   1.0000         cond2
699.5000    0    1.500   1.0000          NULL 
701.0000    2    6.000   1.0000         cond2
707.0000    0    4.500   1.0000          NULL 
711.5000    1    6.000   1.0000         cond1
717.5000    0    1.000   1.0000          NULL 
718.5000    4    6.000   1.0000         cond4
724.5000    0    8.000   1.0000          NULL 
732.5000    7    6.000   1.0000         cond7
738.5000    0    4.000   1.0000          NULL 
742.5000    2    6.000   1.0000         cond2
748.5000    0    3.000   1.0000          NULL 
751.5000    3    6.000   1.0000         cond3
757.5000    0   10.500   1.0000          NULL 
