  0.0000    8    6.000   1.0000         cond8
  6.0000    0    0.500   1.0000          NULL 
  6.5000    1    6.000   1.0000         cond1
 12.5000    0    1.000   1.0000          NULL 
 13.5000    9    6.000   1.0000         cond9
 19.5000    0    1.000   1.0000          NULL 
 20.5000   10    6.000   1.0000        cond10
 26.5000    0    1.000   1.0000          NULL 
 27.5000    6    6.000   1.0000         cond6
 33.5000    0    2.500   1.0000          NULL 
 36.0000    9    6.000   1.0000         cond9
 42.0000    0    5.500   1.0000          NULL 
 47.5000    6    6.000   1.0000         cond6
 53.5000    0   15.000   1.0000          NULL 
 68.5000    3    6.000   1.0000         cond3
 74.5000    0    3.000   1.0000          NULL 
 77.5000   10    6.000   1.0000        cond10
 83.5000    0    2.000   1.0000          NULL 
 85.5000    7    6.000   1.0000         cond7
 91.5000    0   16.000   1.0000          NULL 
107.5000    4    6.000   1.0000         cond4
113.5000    3    6.000   1.0000         cond3
119.5000    0    5.000   1.0000          NULL 
124.5000    4    6.000   1.0000         cond4
130.5000    0    3.000   1.0000          NULL 
133.5000    6    6.000   1.0000         cond6
139.5000    0    0.500   1.0000          NULL 
140.0000    6    6.000   1.0000         cond6
146.0000    0    1.500   1.0000          NULL 
147.5000    2    6.000   1.0000         cond2
153.5000    0    4.500   1.0000          NULL 
158.0000    4    6.000   1.0000         cond4
164.0000    0    8.500   1.0000          NULL 
172.5000    5    6.000   1.0000         cond5
178.5000    0    2.000   1.0000          NULL 
180.5000    4    6.000   1.0000         cond4
186.5000    0    4.500   1.0000          NULL 
191.0000    9    6.000   1.0000         cond9
197.0000    0   13.000   1.0000          NULL 
210.0000   10    6.000   1.0000        cond10
216.0000    0    0.500   1.0000          NULL 
216.5000    4    6.000   1.0000         cond4
222.5000    0    0.500   1.0000          NULL 
223.0000    8    6.000   1.0000         cond8
229.0000    0   11.500   1.0000          NULL 
240.5000   10    6.000   1.0000        cond10
246.5000    0   12.000   1.0000          NULL 
258.5000    2    6.000   1.0000         cond2
264.5000    0    4.500   1.0000          NULL 
269.0000    6    6.000   1.0000         cond6
275.0000    0    4.000   1.0000          NULL 
279.0000    3    6.000   1.0000         cond3
285.0000    0   13.500   1.0000          NULL 
298.5000   10    6.000   1.0000        cond10
304.5000    0    1.000   1.0000          NULL 
305.5000    7    6.000   1.0000         cond7
311.5000    0    3.000   1.0000          NULL 
314.5000    5    6.000   1.0000         cond5
320.5000    0    1.500   1.0000          NULL 
322.0000    5    6.000   1.0000         cond5
328.0000    0    8.500   1.0000          NULL 
336.5000    7    6.000   1.0000         cond7
342.5000    0    1.500   1.0000          NULL 
344.0000    2    6.000   1.0000         cond2
350.0000    0    9.000   1.0000          NULL 
359.0000    5    6.000   1.0000         cond5
365.0000    0    6.500   1.0000          NULL 
371.5000    3    6.000   1.0000         cond3
377.5000    0    1.000   1.0000          NULL 
378.5000    4    6.000   1.0000         cond4
384.5000    1    6.000   1.0000         cond1
390.5000    8    6.000   1.0000         cond8
396.5000    0    1.500   1.0000          NULL 
398.0000    7    6.000   1.0000         cond7
404.0000    0    1.000   1.0000          NULL 
405.0000    9    6.000   1.0000         cond9
411.0000    0    3.500   1.0000          NULL 
414.5000    3    6.000   1.0000         cond3
420.5000    0    2.000   1.0000          NULL 
422.5000    4    6.000   1.0000         cond4
428.5000    0    0.500   1.0000          NULL 
429.0000    7    6.000   1.0000         cond7
435.0000    0    4.000   1.0000          NULL 
439.0000    8    6.000   1.0000         cond8
445.0000    0    2.500   1.0000          NULL 
447.5000    7    6.000   1.0000         cond7
453.5000    0    0.500   1.0000          NULL 
454.0000    1    6.000   1.0000         cond1
460.0000    0    0.500   1.0000          NULL 
460.5000    1    6.000   1.0000         cond1
466.5000    0    8.500   1.0000          NULL 
475.0000    3    6.000   1.0000         cond3
481.0000    0    2.500   1.0000          NULL 
483.5000    7    6.000   1.0000         cond7
489.5000    0    3.500   1.0000          NULL 
493.0000   10    6.000   1.0000        cond10
499.0000    0    3.000   1.0000          NULL 
502.0000    6    6.000   1.0000         cond6
508.0000    0    9.000   1.0000          NULL 
517.0000    1    6.000   1.0000         cond1
523.0000    0   12.500   1.0000          NULL 
535.5000    1    6.000   1.0000         cond1
541.5000    0    4.000   1.0000          NULL 
545.5000    6    6.000   1.0000         cond6
551.5000    1    6.000   1.0000         cond1
557.5000    0    1.500   1.0000          NULL 
559.0000    8    6.000   1.0000         cond8
565.0000    0    1.500   1.0000          NULL 
566.5000    7    6.000   1.0000         cond7
572.5000    8    6.000   1.0000         cond8
578.5000    0    1.500   1.0000          NULL 
580.0000    9    6.000   1.0000         cond9
586.0000    0    4.000   1.0000          NULL 
590.0000    9    6.000   1.0000         cond9
596.0000    0    7.000   1.0000          NULL 
603.0000    9    6.000   1.0000         cond9
609.0000    0    2.500   1.0000          NULL 
611.5000    5    6.000   1.0000         cond5
617.5000    5    6.000   1.0000         cond5
623.5000    0    2.000   1.0000          NULL 
625.5000    2    6.000   1.0000         cond2
631.5000    0    2.000   1.0000          NULL 
633.5000   10    6.000   1.0000        cond10
639.5000    9    6.000   1.0000         cond9
645.5000    0    0.500   1.0000          NULL 
646.0000    2    6.000   1.0000         cond2
652.0000    0    2.000   1.0000          NULL 
654.0000    6    6.000   1.0000         cond6
660.0000    0   13.500   1.0000          NULL 
673.5000    2    6.000   1.0000         cond2
679.5000    0    3.000   1.0000          NULL 
682.5000    8    6.000   1.0000         cond8
688.5000    4    6.000   1.0000         cond4
694.5000    0    1.500   1.0000          NULL 
696.0000    8    6.000   1.0000         cond8
702.0000    3    6.000   1.0000         cond3
708.0000    0    0.500   1.0000          NULL 
708.5000    5    6.000   1.0000         cond5
714.5000    0    2.500   1.0000          NULL 
717.0000   10    6.000   1.0000        cond10
723.0000    0    1.000   1.0000          NULL 
724.0000    3    6.000   1.0000         cond3
730.0000    0    5.000   1.0000          NULL 
735.0000    1    6.000   1.0000         cond1
741.0000    0    0.500   1.0000          NULL 
741.5000    5    6.000   1.0000         cond5
747.5000    0    1.000   1.0000          NULL 
748.5000    2    6.000   1.0000         cond2
754.5000    0    7.500   1.0000          NULL 
762.0000    2    6.000   1.0000         cond2
