   0.0000000e+00
   9.0472129e-09
   2.6196022e-07
   1.7999572e-06
   6.8631964e-06
   1.8951651e-05
   4.2670116e-05
   8.3450381e-05
   1.4721722e-04
   2.4004451e-04
   3.6783223e-04
   5.3602341e-04
   7.4937140e-04
   1.0117616e-03
   1.3260874e-03
   1.6941772e-03
   2.1167667e-03
   2.5935119e-03
   3.1230340e-03
   3.7029918e-03
   4.3301732e-03
   5.0006022e-03
   5.7096539e-03
   6.4521745e-03
   7.2226018e-03
   8.0150832e-03
   8.8235886e-03
   9.6420159e-03
   1.0464288e-02
   1.1284439e-02
   1.2096694e-02
   1.2895533e-02
   1.3675747e-02
   1.4432486e-02
   1.5161293e-02
   1.5858130e-02
   1.6519397e-02
   1.7141945e-02
   1.7723074e-02
   1.8260531e-02
   1.8752506e-02
   1.9197614e-02
   1.9594877e-02
   1.9943708e-02
   2.0243885e-02
   2.0495525e-02
   2.0699060e-02
   2.0855209e-02
   2.0964949e-02
   2.1029488e-02
   2.1050238e-02
   2.1028786e-02
   2.0966872e-02
   2.0866359e-02
   2.0729212e-02
   2.0557475e-02
   2.0353251e-02
   2.0118679e-02
   1.9855919e-02
   1.9567135e-02
   1.9254480e-02
   1.8920082e-02
   1.8566031e-02
   1.8194372e-02
   1.7807091e-02
   1.7406111e-02
   1.6993286e-02
   1.6570392e-02
   1.6139124e-02
   1.5701094e-02
   1.5257829e-02
   1.4810768e-02
   1.4361260e-02
   1.3910567e-02
   1.3459864e-02
   1.3010239e-02
   1.2562695e-02
   1.2118151e-02
   1.1677447e-02
   1.1241345e-02
   1.0810532e-02
   1.0385624e-02
   9.9671688e-03
   9.5556478e-03
   9.1514828e-03
   8.7550372e-03
   8.3666204e-03
   7.9864909e-03
   7.6148603e-03
   7.2518964e-03
   6.8977268e-03
   6.5524420e-03
   6.2160985e-03
   5.8887222e-03
   5.5703108e-03
   5.2608370e-03
   4.9602510e-03
   4.6684831e-03
   4.3854458e-03
   4.1110362e-03
   3.8451380e-03
   3.5876236e-03
   3.3383556e-03
   3.0971885e-03
   2.8639703e-03
   2.6385439e-03
   2.4207484e-03
   2.2104197e-03
   2.0073924e-03
   1.8114999e-03
   1.6225757e-03
   1.4404539e-03
   1.2649696e-03
   1.0959601e-03
   9.3326455e-04
   7.7672485e-04
   6.2618575e-04
   4.8149514e-04
   3.4250424e-04
   2.0906774e-04
   8.1043843e-05
  -4.1705597e-05
  -1.5931513e-04
  -2.7191572e-04
  -3.7963473e-04
  -4.8259610e-04
  -5.8092033e-04
  -6.7472464e-04
  -7.6412310e-04
  -8.4922671e-04
  -9.3014361e-04
  -1.0069792e-03
  -1.0798361e-03
  -1.1488148e-03
  -1.2140132e-03
  -1.2755271e-03
  -1.3334505e-03
  -1.3878752e-03
  -1.4388914e-03
  -1.4865878e-03
  -1.5310515e-03
  -1.5723681e-03
  -1.6106223e-03
  -1.6458972e-03
  -1.6782751e-03
  -1.7078371e-03
  -1.7346636e-03
  -1.7588339e-03
  -1.7804266e-03
  -1.7995195e-03
  -1.8161896e-03
  -1.8305134e-03
  -1.8425666e-03
  -1.8524240e-03
  -1.8601601e-03
  -1.8658486e-03
  -1.8695625e-03
  -1.8713742e-03
  -1.8713554e-03
  -1.8695771e-03
  -1.8661094e-03
  -1.8610221e-03
  -1.8543837e-03
  -1.8462623e-03
  -1.8367249e-03
  -1.8258379e-03
  -1.8136665e-03
  -1.8002751e-03
  -1.7857272e-03
  -1.7700851e-03
  -1.7534103e-03
  -1.7357629e-03
  -1.7172021e-03
  -1.6977859e-03
  -1.6775711e-03
  -1.6566132e-03
  -1.6349666e-03
  -1.6126844e-03
  -1.5898182e-03
  -1.5664185e-03
  -1.5425344e-03
  -1.5182136e-03
  -1.4935023e-03
  -1.4684454e-03
  -1.4430866e-03
  -1.4174678e-03
  -1.3916298e-03
  -1.3656117e-03
  -1.3394513e-03
  -1.3131850e-03
  -1.2868478e-03
  -1.2604730e-03
  -1.2340929e-03
  -1.2077380e-03
  -1.1814378e-03
  -1.1552199e-03
  -1.1291111e-03
  -1.1031365e-03
  -1.0773199e-03
  -1.0516838e-03
  -1.0262497e-03
  -1.0010373e-03
  -9.7606555e-04
  -9.5135194e-04
  -9.2691284e-04
  -9.0276347e-04
  -8.7891791e-04
  -8.5538915e-04
  -8.3218913e-04
  -8.0932873e-04
  -7.8681785e-04
  -7.6466542e-04
  -7.4287943e-04
  -7.2146697e-04
  -7.0043425e-04
  -6.7978666e-04
  -6.5952878e-04
  -6.3966441e-04
  -6.2019663e-04
  -6.0112780e-04
  -5.8245961e-04
  -5.6419311e-04
  -5.4632874e-04
  -5.2886636e-04
  -5.1180528e-04
  -4.9514431e-04
  -4.7888173e-04
  -4.6301540e-04
  -4.4754273e-04
  -4.3246073e-04
  -4.1776602e-04
  -4.0345487e-04
  -3.8952325e-04
  -3.7596678e-04
  -3.6278085e-04
  -3.4996055e-04
  -3.3750077e-04
  -3.2539616e-04
  -3.1364120e-04
  -3.0223018e-04
  -2.9115725e-04
  -2.8041642e-04
  -2.7000157e-04
  -2.5990649e-04
  -2.5012488e-04
  -2.4065037e-04
  -2.3147654e-04
  -2.2259692e-04
  -2.1400501e-04
  -2.0569428e-04
  -1.9765822e-04
  -1.8989030e-04
  -1.8238402e-04
  -1.7513289e-04
  -1.6813047e-04
  -1.6137035e-04
  -1.5484616e-04
  -1.4855160e-04
  -1.4248044e-04
  -1.3662649e-04
  -1.3098366e-04
  -1.2554594e-04
  -1.2030737e-04
  -1.1526212e-04
  -1.1040444e-04
  -1.0572865e-04
  -1.0122921e-04
  -9.6900641e-05
  -9.2737600e-05
  -8.8734831e-05
  -8.4887190e-05
  -8.1189640e-05
  -7.7637255e-05
  -7.4225219e-05
  -7.0948826e-05
  -6.7803481e-05
  -6.4784701e-05
  -6.1888114e-05
  -5.9109459e-05
  -5.6444584e-05
  -5.3889449e-05
  -5.1440121e-05
  -4.9092776e-05
  -4.6843696e-05
  -4.4689270e-05
  -4.2625991e-05
  -4.0650454e-05
  -3.8759357e-05
  -3.6949498e-05
  -3.5217773e-05
  -3.3561173e-05
  -3.1976788e-05
  -3.0461798e-05
  -2.9013474e-05
  -2.7629179e-05
  -2.6306361e-05
  -2.5042556e-05
  -2.3835381e-05
  -2.2682537e-05
  -2.1581804e-05
  -2.0531038e-05
  -1.9528175e-05
  -1.8571220e-05
  -1.7658253e-05
  -1.6787423e-05
  -1.5956946e-05
  -1.5165106e-05
  -1.4410249e-05
  -1.3690786e-05
  -1.3005186e-05
  -1.2351977e-05
  -1.1729744e-05
  -1.1137129e-05
  -1.0572823e-05
  -1.0035573e-05
  -9.5241724e-06
  -9.0374655e-06
  -8.5743417e-06
  -8.1337359e-06
  -7.7146263e-06
  -7.3160334e-06
