  0.0000    1    4.000   1.0000     sentences
  4.0000    0    1.600   1.0000          NULL 
  5.6000    2    4.000   1.0000        pseudo
  9.6000    0    4.400   1.0000          NULL 
 14.0000    1    4.000   1.0000     sentences
 18.0000    0    0.800   1.0000          NULL 
 18.8000    1    4.000   1.0000     sentences
 22.8000    2    4.000   1.0000        pseudo
 26.8000    1    4.000   1.0000     sentences
 30.8000    2    4.000   1.0000        pseudo
 34.8000    2    4.000   1.0000        pseudo
 38.8000    0    0.800   1.0000          NULL 
 39.6000    1    4.000   1.0000     sentences
 43.6000    2    4.000   1.0000        pseudo
 47.6000    0    0.400   1.0000          NULL 
 48.0000    1    4.000   1.0000     sentences
 52.0000    0    1.200   1.0000          NULL 
 53.2000    1    4.000   1.0000     sentences
 57.2000    0    2.400   1.0000          NULL 
 59.6000    1    4.000   1.0000     sentences
 63.6000    0    1.600   1.0000          NULL 
 65.2000    1    4.000   1.0000     sentences
 69.2000    0    0.400   1.0000          NULL 
 69.6000    1    4.000   1.0000     sentences
 73.6000    1    4.000   1.0000     sentences
 77.6000    0    3.200   1.0000          NULL 
 80.8000    1    4.000   1.0000     sentences
 84.8000    0    1.200   1.0000          NULL 
 86.0000    1    4.000   1.0000     sentences
 90.0000    0    2.800   1.0000          NULL 
 92.8000    1    4.000   1.0000     sentences
 96.8000    1    4.000   1.0000     sentences
100.8000    1    4.000   1.0000     sentences
104.8000    2    4.000   1.0000        pseudo
108.8000    0    0.800   1.0000          NULL 
109.6000    2    4.000   1.0000        pseudo
113.6000    0    0.800   1.0000          NULL 
114.4000    2    4.000   1.0000        pseudo
118.4000    0    1.200   1.0000          NULL 
119.6000    1    4.000   1.0000     sentences
123.6000    2    4.000   1.0000        pseudo
127.6000    0    0.400   1.0000          NULL 
128.0000    2    4.000   1.0000        pseudo
132.0000    2    4.000   1.0000        pseudo
136.0000    0    1.600   1.0000          NULL 
137.6000    1    4.000   1.0000     sentences
141.6000    2    4.000   1.0000        pseudo
145.6000    0    0.800   1.0000          NULL 
146.4000    2    4.000   1.0000        pseudo
150.4000    2    4.000   1.0000        pseudo
154.4000    0    0.400   1.0000          NULL 
154.8000    2    4.000   1.0000        pseudo
158.8000    0    0.400   1.0000          NULL 
159.2000    1    4.000   1.0000     sentences
163.2000    2    4.000   1.0000        pseudo
167.2000    0    0.400   1.0000          NULL 
167.6000    2    4.000   1.0000        pseudo
171.6000    0    1.200   1.0000          NULL 
172.8000    2    4.000   1.0000        pseudo
176.8000    1    4.000   1.0000     sentences
180.8000    0    0.400   1.0000          NULL 
181.2000    2    4.000   1.0000        pseudo
185.2000    0    0.400   1.0000          NULL 
185.6000    1    4.000   1.0000     sentences
189.6000    0    3.200   1.0000          NULL 
192.8000    1    4.000   1.0000     sentences
196.8000    0    0.400   1.0000          NULL 
197.2000    1    4.000   1.0000     sentences
201.2000    0    0.400   1.0000          NULL 
201.6000    2    4.000   1.0000        pseudo
205.6000    0    1.200   1.0000          NULL 
206.8000    2    4.000   1.0000        pseudo
210.8000    0    0.800   1.0000          NULL 
211.6000    2    4.000   1.0000        pseudo
215.6000    2    4.000   1.0000        pseudo
219.6000    0    1.600   1.0000          NULL 
221.2000    2    4.000   1.0000        pseudo
225.2000    1    4.000   1.0000     sentences
229.2000    1    4.000   1.0000     sentences
233.2000    0    1.600   1.0000          NULL 
234.8000    2    4.000   1.0000        pseudo
238.8000    1    4.000   1.0000     sentences
242.8000    2    4.000   1.0000        pseudo
246.8000    0    0.400   1.0000          NULL 
247.2000    2    4.000   1.0000        pseudo
251.2000    0    2.000   1.0000          NULL 
253.2000    2    4.000   1.0000        pseudo
257.2000    0    0.400   1.0000          NULL 
257.6000    1    4.000   1.0000     sentences
261.6000    0    1.200   1.0000          NULL 
262.8000    1    4.000   1.0000     sentences
266.8000    0    0.400   1.0000          NULL 
267.2000    1    4.000   1.0000     sentences
271.2000    0    1.600   1.0000          NULL 
272.8000    1    4.000   1.0000     sentences
276.8000    0    1.200   1.0000          NULL 
278.0000    2    4.000   1.0000        pseudo
282.0000    0    0.800   1.0000          NULL 
282.8000    2    4.000   1.0000        pseudo
286.8000    0    1.200   1.0000          NULL 
